0.000000 0.000000 -0.000000
0.000040 0.000021 -0.000002
0.000160 0.000082 -0.000008
0.000360 0.000185 -0.000019
0.000640 0.000329 -0.000033
0.000999 0.000514 -0.000052
0.001439 0.000740 -0.000074
0.001959 0.001008 -0.000101
0.002558 0.001316 -0.000132
0.003238 0.001666 -0.000167
0.003997 0.002057 -0.000206
0.004837 0.002489 -0.000250
0.005756 0.002962 -0.000297
0.006755 0.003476 -0.000349
0.007835 0.004031 -0.000404
0.008994 0.004627 -0.000464
0.010233 0.005265 -0.000528
0.011552 0.005944 -0.000596
0.012951 0.006663 -0.000668
0.014430 0.007424 -0.000745
0.015989 0.008227 -0.000825
0.017628 0.009070 -0.000910
0.019347 0.009954 -0.000999
0.021145 0.010880 -0.001091
0.023024 0.011846 -0.001188
0.024983 0.012854 -0.001289
0.027021 0.013903 -0.001395
0.029140 0.014993 -0.001504
0.031338 0.016124 -0.001617
0.033617 0.017296 -0.001735
0.035975 0.018510 -0.001857
0.038413 0.019764 -0.001983
0.040931 0.021060 -0.002113
0.043530 0.022397 -0.002247
0.046208 0.023775 -0.002385
0.048966 0.025194 -0.002527
0.051804 0.026654 -0.002674
0.054722 0.028155 -0.002824
0.057720 0.029698 -0.002979
0.060798 0.031281 -0.003138
0.063955 0.032906 -0.003301
0.067193 0.034572 -0.003468
0.070511 0.036279 -0.003639
0.073908 0.038027 -0.003815
0.077386 0.039816 -0.003994
0.080944 0.041647 -0.004178
0.084581 0.043518 -0.004365
0.088298 0.045431 -0.004557
0.092096 0.047385 -0.004753
0.095973 0.049380 -0.004953
0.099930 0.051416 -0.005158
0.103968 0.053493 -0.005366
0.108085 0.055611 -0.005579
0.112282 0.057771 -0.005795
0.116559 0.059971 -0.006016
0.120916 0.062213 -0.006241
0.223371 0.163476 0.093632
0.227812 0.165761 0.093403
0.232253 0.168047 0.093174
0.236695 0.170332 0.092945
0.241136 0.172617 0.092716
0.245577 0.174902 0.092486
0.250019 0.177187 0.092257
0.254460 0.179472 0.092028
0.258902 0.181757 0.091799
0.263343 0.184043 0.091569
0.267784 0.186328 0.091340
0.272226 0.188613 0.091111
0.276667 0.190898 0.090882
0.281108 0.193183 0.090652
0.285550 0.195468 0.090423
0.286629 0.196024 0.090368
0.291031 0.198288 0.090140
0.295352 0.200512 0.089917
0.299594 0.202694 0.089698
0.303755 0.204835 0.089484
0.307837 0.206935 0.089273
0.311838 0.208994 0.089066
0.315760 0.211012 0.088864
0.319602 0.212989 0.088666
0.323364 0.214924 0.088472
0.327046 0.216819 0.088282
0.330647 0.218672 0.088096
0.334169 0.220484 0.087914
0.337611 0.222255 0.087736
0.340974 0.223985 0.087563
0.344256 0.225674 0.087393
0.347458 0.227321 0.087228
0.350580 0.228928 0.087067
0.353623 0.230493 0.086910
0.356585 0.232017 0.086757
0.359467 0.233500 0.086608
0.362270 0.234942 0.086463
0.364992 0.236343 0.086323
0.367635 0.237703 0.086187
0.370198 0.239021 0.086054
0.372680 0.240298 0.085926
0.375083 0.241535 0.085802
0.377406 0.242730 0.085682
0.379649 0.243884 0.085567
0.381812 0.244997 0.085455
0.383895 0.246068 0.085347
0.385898 0.247099 0.085244
0.387821 0.248088 0.085145
0.389664 0.249037 0.085050
0.391427 0.249944 0.084959
0.393111 0.250810 0.084872
0.394714 0.251635 0.084789
0.396237 0.252419 0.084710
0.397681 0.253162 0.084636
0.399044 0.253863 0.084565
0.400328 0.254523 0.084499
0.401531 0.255143 0.084437
0.402655 0.255721 0.084379
0.403699 0.256258 0.084325
0.404662 0.256754 0.084275
0.405546 0.257209 0.084230
0.406350 0.257622 0.084188
0.407074 0.257995 0.084151
0.407718 0.258326 0.084118
0.408282 0.258616 0.084089
0.408766 0.258865 0.084064
0.409170 0.259073 0.084043
0.409495 0.259240 0.084026
0.409739 0.259366 0.084013
0.409903 0.259450 0.084005
0.409988 0.259494 0.084001
