275.569855
275.569855
275.569855
275.569855
275.569855
275.569855
275.569855
275.625000
275.625000
275.625000
275.680145
275.790436
275.845581
275.955872
276.066193
276.231628
276.397064
276.562500
276.783081
277.003693
277.224274
277.500000
277.775726
278.051483
278.382355
278.713226
278.988983
279.319855
279.650726
279.981628
280.312500
280.698517
281.029419
281.360291
281.691193
282.077209
282.408081
282.794128
283.125000
283.511017
283.841919
284.172791
284.558838
284.889709
285.606628
285.882355
286.158081
286.378693
286.544128
286.709564
286.875000
286.985291
287.150726
287.316193
287.481628
287.647064
287.812500
287.977936
288.198517
288.419128
288.639709
288.915436
289.191193
289.466919
289.742645
290.073517
290.349274
290.680145
291.011017
291.341919
291.672791
292.003693
292.389709
292.720581
293.051483
293.437500
293.768372
294.099274
294.485291
294.816193
295.147064
295.533081
295.919128
296.250000
296.636017
296.966919
297.297791
297.683838
298.014709
298.400726
298.731628
299.117645
299.448517
299.834564
300.165436
300.551483
300.937500
301.268372
301.599274
301.985291
302.371338
302.702209
303.033081
303.419128
303.805145
304.136017
304.522064
304.852936
305.238983
305.569855
305.955872
306.286774
306.672791
307.003693
307.389709
307.720581
308.106628
308.492645
308.823517
309.209564
309.540436
309.926483
310.257355
310.643372
310.974274
311.360291
311.691193
312.077209
312.408081
312.794128
313.125000
313.511017
313.841919
314.227936
314.613983
314.944855
315.330872
315.661774
316.047791
316.378693
316.764709
317.095581
317.481628
317.812500
318.143372
318.915436
319.246338
319.632355
319.963226
320.349274
320.680145
321.066193
321.397064
321.783081
322.113983
322.500000
322.830872
323.216919
323.547791
323.933838
324.264709
324.650726
325.036774
325.367645
325.698517
326.084564
326.470581
326.801483
327.187500
327.518372
327.904419
328.235291
328.621338
328.952209
329.338226
329.669128
330.055145
330.386017
330.772064
331.158081
331.488983
331.819855
332.205872
332.591919
332.922791
333.308838
333.639709
334.025726
334.356628
334.742645
335.073517
335.459564
335.790436
336.176483
336.507355
336.893372
337.224274
337.610291
337.996338
338.327209
338.713226
339.044128
339.430145
339.761047
340.147064
340.477936
340.863983
341.194855
341.580872
341.911774
342.297791
342.628693
343.014709
343.345581
343.731628
344.062500
344.448547
344.779419
345.165436
345.551483
345.882355
346.268372
346.599274
346.985291
347.316193
347.702209
348.033081
348.419128
348.750000
349.136047
349.466919
349.852936
350.183838
350.569855
350.900726
351.286774
352.003693
352.334564
352.720581
353.051483
353.437500
353.768372
354.154419
354.485291
354.871338
355.202209
355.588226
355.919128
356.305145
356.691193
357.022064
357.408081
357.738983
358.125000
358.455872
358.841919
359.172791
359.558838
359.889709
360.275726
360.606628
360.992645
361.323547
361.709564
362.095581
362.426483
362.812500
363.143372
363.529419
363.860291
364.246338
364.577209
364.963226
365.294128
365.680145
366.011047
366.397064
366.727936
367.113983
367.444855
367.830872
368.161774
368.547791
368.878693
369.264709
369.650726
369.981628
370.367645
370.698547
371.084564
371.415436
371.801483
372.132355
372.463226
372.849274
373.180145
373.455872
373.786774
374.062500
374.338226
374.613983
374.889709
375.110291
375.330872
375.496338
375.661774
375.827209
375.937500
376.047791
376.213226
376.323547
376.378693
376.488983
376.599274
376.654419
376.764709
376.875000
376.930145
377.040436
377.095581
377.150726
377.261047
377.316193
377.371338
377.481628
377.536774
377.591919
377.647064
377.702209
377.757355
377.757355
377.812500
377.812500
377.812500
377.812500
377.812500
377.812500
377.812500
377.812500
377.812500
377.867645
377.867645
377.867645
377.867645
377.867645
377.867645
377.867645
377.867645
377.867645
377.867645
377.867645
377.867645
377.867645
377.867645
377.812500
377.812500
377.812500
377.812500
377.757355
377.757355
377.702209
377.647064
377.647064
377.591919
377.536774
377.481628
377.426483
377.426483
377.371338
377.371338
377.316193
377.316193
377.316193
377.316193
377.316193
377.316193
377.316193
377.316193
377.316193
377.316193
377.261047
377.205872
377.150726
377.095581
377.040436
377.040436
376.985291
376.930145
376.930145
376.875000
376.875000
376.875000
376.819855
376.819855
376.819855
376.819855
376.819855
376.819855
376.819855
376.819855
376.764709
376.764709
376.709564
376.654419
376.599274
376.544128
376.488983
376.433838
376.378693
376.323547
376.323547
376.268372
376.268372
376.268372
376.268372
376.268372
376.268372
376.268372
376.268372
376.268372
376.268372
376.268372
376.268372
376.268372
376.268372
376.213226
376.213226
376.158081
376.158081
376.102936
376.102936
376.047791
376.047791
375.992645
375.992645
375.937500
375.937500
375.882355
375.882355
375.827209
375.827209
375.827209
375.772064
375.772064
375.772064
375.716919
375.716919
375.716919
375.716919
375.716919
375.716919
375.716919
375.661774
375.661774
375.661774
375.661774
375.661774
375.661774
375.661774
375.661774
375.661774
375.661774
375.661774
375.661774
375.661774
375.661774
375.661774
375.661774
375.661774
375.661774
375.661774
375.661774
375.661774
375.661774
375.661774
375.606628
375.606628
375.606628
375.606628
375.606628
375.606628
375.606628
375.606628
375.606628
375.606628
375.606628
375.606628
375.606628
375.606628
375.606628
375.606628
375.606628
375.606628
375.606628
375.606628
375.606628
375.606628
375.606628
375.606628
375.606628
375.606628
375.606628
375.606628
375.606628
375.606628
375.606628
375.606628
375.606628
375.606628
375.606628
375.606628
375.606628
375.606628
375.606628
375.606628
375.606628
375.606628
375.606628
375.606628
375.606628
375.606628
375.606628
375.606628
375.606628
375.606628
375.606628
375.606628
375.606628
375.606628
375.606628
375.606628
375.606628
375.606628
375.606628
375.606628
375.606628
375.606628
375.606628
375.606628
375.606628
375.606628
375.606628
375.606628
375.606628
375.606628
375.606628
375.606628
375.606628
375.606628
375.606628
375.606628
375.606628
375.606628
375.606628
375.606628
375.606628
375.606628
375.606628
375.606628
375.606628
375.606628
375.606628
375.606628
375.606628
375.551483
375.551483
375.551483
375.551483
375.551483
375.551483
375.551483
375.551483
375.551483
375.551483
375.551483
375.551483
375.551483
375.551483
375.551483
375.551483
375.551483
375.551483
375.551483
375.551483
375.551483
375.551483
375.551483
375.551483
375.551483
375.551483
375.551483
375.551483
375.551483
375.551483
375.551483
375.551483
375.551483
375.551483
375.551483
375.551483
375.551483
375.551483
375.551483
375.551483
375.551483
375.551483
375.551483
375.551483
375.551483
375.551483
375.551483
375.551483
375.551483
375.551483
375.551483
375.551483
375.551483
375.551483
375.551483
375.551483
375.551483
375.551483
375.551483
375.551483
375.551483
375.551483
375.551483
375.551483
375.551483
375.551483
375.551483
375.551483
375.551483
375.551483
375.551483
375.551483
375.551483
375.551483
375.551483
375.551483
375.551483
375.606628
375.606628
375.606628
375.606628
375.606628
375.606628
375.606628
375.606628
375.606628
375.606628
375.606628
375.606628
375.606628
375.606628
375.606628
375.606628
375.606628
375.606628
375.606628
375.606628
375.606628
375.606628
375.606628
375.606628
375.606628
375.606628
375.606628
375.606628
375.606628
375.606628
375.606628
375.606628
375.606628
375.606628
375.606628
375.606628
375.606628
375.606628
375.606628
375.606628
375.606628
375.606628
375.606628
375.606628
375.606628
375.606628
375.606628
375.606628
375.606628
375.606628
375.606628
375.606628
375.606628
375.606628
375.606628
375.606628
375.606628
375.606628
375.606628
375.606628
375.606628
375.606628
375.606628
375.606628
375.606628
375.606628
375.606628
375.606628
375.606628
375.606628
375.606628
375.606628
375.606628
375.606628
375.606628
375.606628
375.606628
375.606628
375.551483
375.551483
375.551483
375.551483
375.551483
375.551483
375.551483
375.551483
375.551483
375.551483
375.551483
375.551483
375.551483
375.551483
375.551483
375.551483
375.551483
375.551483
375.551483
375.551483
375.551483
375.551483
375.551483
375.551483
375.551483
375.551483
375.551483
375.551483
375.551483
375.551483
375.551483
375.551483
375.551483
375.551483
375.551483
375.551483
375.551483
375.551483
375.551483
375.551483
375.551483
375.551483
375.551483
375.551483
375.551483
375.551483
375.551483
375.551483
375.551483
375.551483
