275.569855
275.569855
275.569855
275.569855
275.569855
275.569855
275.569855
275.569855
275.625000
275.625000
275.625000
275.735291
275.790436
275.790436
275.955872
276.231628
276.397064
276.562500
276.783081
277.003693
277.224274
277.500000
277.775726
278.106628
278.382355
278.713226
278.988983
279.319855
279.705872
280.036774
280.367645
280.698517
281.029419
281.360291
281.746338
282.077209
282.463226
282.794128
283.125000
283.511017
283.841919
284.227936
284.558838
284.944855
285.275726
285.661774
285.992645
286.323517
286.709564
287.040436
287.426483
287.812500
288.143372
288.474274
288.860291
289.246338
289.577209
289.963226
290.294128
290.680145
291.011017
291.397064
291.727936
292.113983
292.444855
292.830872
293.161774
293.547791
293.878693
294.264709
294.595581
294.981628
295.312500
295.698517
296.084564
296.415436
296.801483
297.132355
297.518372
297.849274
298.235291
298.566193
298.952209
299.283081
299.669128
300.000000
300.386017
300.716919
301.102936
301.433838
301.819855
302.205872
302.536774
302.867645
303.253693
303.639709
303.970581
304.356628
304.687500
305.073517
305.404419
305.790436
306.121338
306.672791
306.838226
307.169128
307.389709
307.610291
307.775726
307.941193
308.106628
308.272064
308.437500
308.547791
308.713226
308.878693
309.264709
309.485291
309.705872
309.926483
310.147064
310.422791
310.698517
311.029419
311.305145
311.636017
311.966919
312.297791
312.628693
312.959564
313.290436
313.621338
314.007355
314.338226
314.669128
315.000000
315.386017
315.716919
316.047791
316.433838
316.819855
317.150726
317.481628
317.867645
318.253693
318.584564
318.915436
319.301483
319.632355
320.018372
320.349274
320.735291
321.066193
321.452209
321.783081
322.169128
322.555145
322.886017
323.216919
323.602936
323.933838
324.319855
324.705872
325.036774
325.422791
325.753693
326.139709
326.470581
326.856628
327.187500
327.573517
327.904419
328.290436
328.621338
329.007355
329.338226
329.724274
330.110291
330.441193
330.827209
331.158081
331.544128
331.875000
332.261017
332.591919
332.977936
333.308838
333.694855
334.025726
334.411774
334.742645
335.128693
335.459564
335.845581
336.231628
336.562500
336.948517
337.279419
337.665436
337.996338
338.382355
338.713226
339.099274
339.430145
339.816193
340.147064
340.533081
340.863983
341.250000
341.580872
341.966919
342.297791
342.683838
343.069855
343.400726
343.786774
344.117645
344.503693
344.834564
345.220581
345.551483
345.937500
346.268372
346.654419
346.985291
347.371338
347.702209
348.088226
348.419128
348.805145
349.191193
349.522064
349.908081
350.238983
350.569855
350.955872
351.341919
351.672791
352.003693
352.389709
352.775726
353.106628
353.823547
354.209564
354.540436
354.926483
355.257355
355.643372
355.974274
356.360291
356.691193
357.077209
357.408081
357.794128
358.125000
358.511047
358.841919
359.227936
359.558838
359.944855
360.275726
360.661774
360.992645
361.378693
361.764709
362.095581
362.481628
362.812500
363.198547
363.529419
363.915436
364.246338
364.632355
364.963226
365.349274
365.680145
366.066193
366.397064
366.783081
367.113983
367.500000
367.886047
368.216919
368.547791
368.933838
369.319855
369.650726
370.036774
370.367645
370.753693
371.084564
371.470581
371.801483
372.132355
372.518372
372.849274
373.180145
373.511047
373.786774
374.062500
374.338226
374.613983
374.834564
375.055145
375.275726
375.441193
375.606628
375.772064
375.882355
375.992645
376.102936
376.213226
376.323547
376.433838
376.488983
376.599274
376.709564
376.819855
376.875000
376.985291
377.040436
377.095581
377.205872
377.261047
377.316193
377.371338
377.426483
377.481628
377.536774
377.591919
377.647064
377.702209
377.702209
377.757355
377.757355
377.757355
377.757355
377.757355
377.757355
377.757355
377.757355
377.812500
377.812500
377.812500
377.812500
377.812500
377.812500
377.812500
377.867645
377.867645
377.867645
377.867645
377.867645
377.867645
377.867645
377.867645
377.867645
377.812500
377.812500
377.812500
377.812500
377.757355
377.757355
377.702209
377.647064
377.591919
377.536774
377.536774
377.481628
377.426483
377.371338
377.371338
377.371338
377.371338
377.371338
377.371338
377.371338
377.371338
377.316193
377.316193
377.316193
377.261047
377.205872
377.205872
377.150726
377.095581
377.040436
376.985291
376.930145
376.875000
376.875000
376.819855
376.819855
376.819855
376.764709
376.764709
376.764709
376.764709
376.764709
376.764709
376.764709
376.764709
376.764709
376.764709
376.709564
376.709564
376.654419
376.599274
376.544128
376.488983
376.433838
376.378693
376.323547
376.323547
376.268372
376.268372
376.268372
376.268372
376.268372
376.268372
376.268372
376.268372
376.268372
376.268372
376.268372
376.213226
376.213226
376.213226
376.213226
376.158081
376.158081
376.102936
376.047791
376.047791
375.992645
375.992645
375.937500
375.937500
375.937500
375.882355
375.882355
375.882355
375.827209
375.827209
375.827209
375.827209
375.772064
375.772064
375.772064
375.772064
375.716919
375.716919
375.716919
375.716919
375.716919
375.716919
375.716919
375.661774
375.661774
375.661774
375.661774
375.661774
375.661774
375.661774
375.661774
375.661774
375.661774
375.661774
375.661774
375.661774
375.661774
375.661774
375.661774
375.661774
375.661774
375.661774
375.661774
375.661774
375.661774
375.661774
375.661774
375.661774
375.606628
375.606628
375.606628
375.606628
375.606628
375.606628
375.606628
375.606628
375.606628
375.606628
375.606628
375.606628
375.606628
375.606628
375.606628
375.606628
375.606628
375.606628
375.606628
375.606628
375.606628
375.606628
375.606628
375.606628
375.606628
375.606628
375.606628
375.606628
375.606628
375.606628
375.606628
375.606628
375.606628
375.606628
375.606628
375.606628
375.606628
375.606628
375.606628
375.606628
375.606628
375.606628
375.606628
375.606628
375.606628
375.606628
375.606628
375.606628
375.606628
375.606628
375.606628
375.606628
375.606628
375.606628
375.606628
375.606628
375.606628
375.606628
375.606628
375.606628
375.606628
375.606628
375.606628
375.606628
375.606628
375.606628
375.606628
375.606628
375.606628
375.606628
375.606628
375.606628
375.606628
375.606628
375.606628
375.606628
375.551483
375.551483
375.551483
375.551483
375.551483
375.551483
375.551483
375.551483
375.551483
375.551483
375.551483
375.551483
375.551483
375.551483
375.551483
375.551483
375.551483
375.551483
375.551483
375.551483
375.551483
375.551483
375.551483
375.551483
375.551483
375.551483
375.551483
375.551483
375.551483
375.551483
375.551483
375.551483
375.551483
375.551483
375.551483
375.551483
375.551483
375.551483
375.551483
375.551483
375.551483
375.551483
375.551483
375.551483
375.551483
375.551483
375.551483
375.551483
375.551483
375.551483
375.551483
375.551483
375.551483
375.551483
375.551483
375.551483
375.551483
375.551483
375.551483
375.551483
375.551483
375.551483
375.551483
375.551483
375.551483
375.551483
375.551483
375.551483
375.551483
375.551483
375.551483
375.551483
375.551483
375.551483
375.551483
375.551483
375.551483
375.606628
375.606628
375.606628
375.606628
375.606628
375.606628
375.606628
375.606628
375.606628
375.606628
375.606628
375.606628
375.606628
375.606628
375.606628
375.606628
375.606628
375.606628
375.606628
375.606628
375.606628
375.606628
375.606628
375.606628
375.606628
375.606628
375.606628
375.606628
375.606628
375.606628
375.606628
375.606628
375.606628
375.606628
375.606628
375.606628
375.606628
375.606628
375.606628
375.606628
375.606628
375.606628
375.606628
375.606628
375.606628
375.606628
375.606628
375.606628
375.606628
375.606628
375.606628
375.606628
375.606628
375.606628
375.606628
375.606628
375.606628
375.606628
375.606628
375.606628
375.606628
375.606628
375.606628
375.606628
375.606628
375.606628
375.606628
375.606628
375.606628
375.606628
375.606628
375.606628
375.606628
375.606628
375.606628
375.606628
375.606628
375.606628
375.606628
375.606628
375.606628
375.606628
375.606628
375.606628
375.606628
375.606628
375.606628
375.606628
375.551483
375.551483
375.551483
375.551483
375.551483
375.551483
375.551483
375.551483
375.551483
375.551483
375.551483
375.551483
375.551483
375.551483
375.551483
375.551483
375.551483
375.551483
375.551483
375.551483
375.551483
375.551483
375.551483
375.551483
375.551483
375.551483
375.551483
375.551483
375.551483
375.551483
375.551483
375.551483
375.551483
375.551483
375.551483
375.551483
375.551483
375.551483
375.551483
375.551483
375.551483
375.551483
375.551483
375.551483
375.551483
375.551483
375.551483
375.551483
375.551483
375.551483
375.551483
375.551483
375.551483
375.551483
375.551483
375.551483
375.551483
375.551483
375.551483
375.551483
375.551483
375.551483
375.551483
375.551483
375.551483
375.551483
375.551483
375.551483
375.551483
375.551483
375.551483
375.551483
375.551483
375.551483
375.551483
375.551483
375.551483
375.551483
375.551483
375.551483
375.551483
375.551483
375.551483
375.551483
375.551483
375.551483
375.551483
375.551483
375.551483
375.551483
375.551483
375.551483
375.551483
375.551483
375.551483
375.551483
375.551483
375.551483
375.551483
375.551483
375.551483
375.551483
375.551483
375.551483
375.551483
375.551483
375.551483
375.551483
375.551483
375.551483
375.551483
375.551483
375.551483
375.551483
375.551483
