275.569855
275.569855
275.569855
275.569855
275.569855
275.569855
275.569855
275.625000
275.625000
275.625000
275.735291
275.790436
275.845581
275.955872
276.066193
276.231628
276.397064
276.562500
276.783081
277.003693
277.224274
277.500000
277.775726
278.051483
278.382355
278.658081
278.988983
279.319855
279.650726
279.981628
280.312500
280.643372
281.029419
281.360291
281.691193
282.077209
282.408081
282.738983
283.125000
283.455872
283.841919
284.172791
284.503693
284.889709
285.275726
285.606628
285.937500
286.323517
286.654419
287.040436
287.426483
287.757355
288.143372
288.474274
288.805145
289.191193
289.522064
289.908081
290.294128
290.625000
291.011017
291.341919
291.727936
292.058838
292.775726
293.106628
293.327209
293.327209
293.713226
293.878693
294.044128
294.044128
294.319855
294.485291
294.650726
294.816193
294.981628
295.202209
295.422791
295.643372
295.863983
296.084564
296.360291
296.636017
296.966919
297.242645
297.573517
297.904419
298.235291
298.566193
298.897064
299.227936
299.558838
299.889709
300.275726
300.606628
300.937500
301.268372
301.654419
301.985291
302.371338
302.702209
303.088226
303.419128
303.805145
304.136017
304.522064
304.852936
305.238983
305.569855
305.955872
306.286774
306.672791
307.003693
307.389709
307.720581
308.106628
308.437500
308.823517
309.154419
309.540436
309.871338
310.257355
310.588226
310.974274
311.360291
311.691193
312.077209
312.408081
312.794128
313.125000
313.511017
313.841919
314.227936
314.558838
314.944855
315.275726
315.661774
315.992645
316.378693
316.709564
317.095581
317.426483
317.812500
318.198517
318.529419
318.915436
319.246338
319.632355
319.963226
320.349274
320.680145
321.066193
321.397064
321.783081
322.113983
322.500000
322.830872
323.216919
323.547791
323.933838
324.264709
324.981628
325.367645
325.698517
326.084564
326.415436
326.801483
327.132355
327.518372
327.849274
328.235291
328.621338
328.952209
329.338226
329.669128
330.055145
330.386017
330.772064
331.102936
331.488983
331.819855
332.205872
332.536774
332.922791
333.253693
333.639709
333.970581
334.356628
334.687500
335.073517
335.459564
335.790436
336.176483
336.507355
336.893372
337.224274
337.610291
337.941193
338.327209
338.658081
339.044128
339.375000
339.761047
340.091919
340.477936
340.863983
341.194855
341.580872
341.911774
342.297791
342.628693
343.014709
343.345581
343.731628
344.062500
344.448547
344.779419
345.165436
345.496338
345.882355
346.213226
346.599274
346.930145
347.316193
347.702209
348.033081
348.419128
348.750000
349.136047
349.466919
349.852936
350.183838
350.569855
350.900726
351.286774
351.617645
352.003693
352.334564
352.720581
353.051483
353.437500
353.768372
354.154419
354.540436
354.871338
355.202209
355.588226
355.919128
356.305145
356.636047
357.022064
357.738983
358.069855
358.455872
358.841919
359.172791
359.558838
359.889709
360.275726
360.606628
360.992645
361.323547
361.709564
362.040436
362.426483
362.757355
363.143372
363.474274
363.860291
364.191193
364.577209
364.908081
365.294128
365.625000
366.011047
366.341919
366.727936
367.113983
367.444855
367.830872
368.161774
368.547791
368.878693
369.264709
369.595581
369.981628
370.312500
370.643372
371.029419
371.360291
371.636047
371.966919
372.242645
372.518372
372.794128
373.014709
373.235291
373.455872
373.676483
373.897064
374.062500
374.227936
374.393372
374.503693
