275.350000 167.480000 57.080000 -119.110000 82.770000 75.680000
275.350000 167.480000 57.080000 -119.110000 82.770000 75.680000
275.350000 167.480000 57.080000 -119.110000 82.770000 75.680000
275.350000 167.480000 57.080000 -119.110000 82.770000 75.680000
275.350000 167.480000 57.080000 -119.110000 82.770000 75.680000
275.350000 167.480000 57.080000 -119.110000 82.770000 75.680000
275.350000 167.480000 57.080000 -119.110000 82.770000 75.680000
275.350000 167.480000 57.080000 -119.110000 82.770000 75.680000
275.350000 167.480000 57.080000 -119.110000 82.770000 75.680000
275.350000 167.480000 57.080000 -119.110000 82.770000 75.680000
275.350000 167.480000 57.080000 -119.110000 82.770000 75.680000
275.350000 167.480000 57.080000 -119.110000 82.770000 75.680000
275.350000 167.480000 57.080000 -119.110000 82.770000 75.680000
275.350000 167.480000 57.080000 -119.110000 82.770000 75.680000
275.350000 167.480000 57.080000 -119.110000 82.770000 75.680000
275.350000 167.480000 57.080000 -119.110000 82.770000 75.680000
275.350000 167.480000 57.080000 -119.110000 82.770000 75.680000
275.291577 167.453187 56.979235 -119.051792 82.815688 75.680000
275.233346 167.427247 56.879743 -118.994447 82.860802 75.680000
275.175255 167.402136 56.781402 -118.937896 82.905394 75.680000
275.117255 167.377814 56.684105 -118.882074 82.949510 75.680000
275.059302 167.354247 56.587757 -118.826927 82.993194 75.680000
275.029604 167.342448 56.538712 -118.798905 83.015429 75.680000
274.968943 167.318924 56.439208 -118.742159 83.060534 75.680000
274.908470 167.296245 56.340916 -118.686248 83.105083 75.680000
274.848132 167.274370 56.243721 -118.631105 83.149124 75.680000
274.787880 167.253264 56.147521 -118.576670 83.192703 75.680000
274.757021 167.242733 56.098574 -118.549029 83.214871 75.680000
274.694019 167.221812 55.999309 -118.493089 83.259817 75.680000
274.631243 167.201739 55.901286 -118.438008 83.304184 75.680000
274.568633 167.182476 55.804388 -118.383718 83.348022 75.680000
274.506137 167.163989 55.708510 -118.330158 83.391378 75.680000
274.443707 167.146249 55.613556 -118.277273 83.434293 75.680000
274.411722 167.137434 55.565217 -118.250411 83.456132 75.680000
274.346399 167.120004 55.467139 -118.196038 83.500420 75.680000
274.281295 167.103397 55.370245 -118.142497 83.544145 75.680000
274.216350 167.087580 55.274423 -118.089723 83.587356 75.680000
274.151511 167.072523 55.179573 -118.037659 83.630095 75.680000
274.118309 167.065089 55.131309 -118.011233 83.651830 75.680000
274.050534 167.050491 55.033421 -117.957778 83.695883 75.680000
273.983015 167.036719 54.936749 -117.905179 83.739349 75.680000
273.915689 167.023741 54.841176 -117.853369 83.782279 75.680000
273.848499 167.011528 54.746599 -117.802290 83.824718 75.680000
273.781393 167.000057 54.652925 -117.751888 83.866706 75.680000
273.747017 166.994454 54.605234 -117.726301 83.888065 75.680000
273.676822 166.983585 54.508463 -117.674535 83.931366 75.680000
273.606875 166.973518 54.412850 -117.623598 83.974095 75.680000
273.537113 166.964228 54.318285 -117.573427 84.016300 75.680000
273.467477 166.955689 54.224669 -117.523967 84.058024 75.680000
273.431824 166.951594 54.177030 -117.498877 84.079234 75.680000
273.359055 166.943812 54.080401 -117.448153 84.122206 75.680000
273.286576 166.936833 53.984961 -117.398280 84.164582 75.680000
273.214316 166.930630 53.890597 -117.349195 84.206411 75.680000
273.142216 166.925183 53.797206 -117.300841 84.247739 75.680000
273.070218 166.920471 53.704697 -117.253167 84.288604 75.680000
273.033342 166.918332 53.657595 -117.228979 84.309383 75.680000
272.958051 166.914536 53.562011 -117.180075 84.351489 75.680000
272.883041 166.911522 53.467560 -117.131996 84.393012 75.680000
272.808241 166.909268 53.374135 -117.084681 84.434000 75.680000
272.733591 166.907755 53.281636 -117.038078 84.474495 75.680000
272.695376 166.907258 53.234561 -117.014452 84.495070 75.680000
272.617388 166.906823 53.139070 -116.966723 84.536735 75.680000
272.539724 166.907164 53.044742 -116.919838 84.577793 75.680000
272.462311 166.908262 52.951467 -116.873738 84.618293 75.680000
272.385082 166.910102 52.859144 -116.828368 84.658279 75.680000
272.307977 166.912670 52.767681 -116.783679 84.697788 75.680000
272.268489 166.914261 52.721108 -116.761022 84.717867 75.680000
272.187880 166.918082 52.626589 -116.715247 84.758530 75.680000
272.107584 166.922658 52.533180 -116.670291 84.798599 75.680000
272.027529 166.927976 52.440774 -116.626097 84.838120 75.680000
271.947648 166.934023 52.349274 -116.582613 84.877134 75.680000
271.906761 166.937397 52.302704 -116.560586 84.896945 75.680000
271.823331 166.944862 52.208226 -116.516123 84.937037 75.680000
271.740264 166.953074 52.114890 -116.472497 84.976509 75.680000
271.657480 166.962020 52.022583 -116.429649 85.015411 75.680000
271.574907 166.971690 51.931208 -116.387528 85.053784 75.680000
271.492482 166.982078 51.840674 -116.346087 85.091666 75.680000
271.450276 166.987673 51.794570 -116.325096 85.110904 75.680000
271.364128 166.999672 51.700995 -116.282724 85.149837 75.680000
271.278331 167.012396 51.608508 -116.241163 85.188163 75.680000
271.192808 167.025839 51.517003 -116.200357 85.225927 75.680000
271.107486 167.039994 51.426385 -116.160257 85.263168 75.680000
271.063820 167.047519 51.380259 -116.139965 85.282064 75.680000
270.974732 167.063454 51.286676 -116.099043 85.320274 75.680000
270.886047 167.080100 51.194212 -116.058946 85.357853 75.680000
270.797682 167.097452 51.102759 -116.019619 85.394846 75.680000
270.709558 167.115507 51.012218 -115.981014 85.431295 75.680000
270.621608 167.134266 50.922501 -115.943085 85.467236 75.680000
270.576578 167.144148 50.876809 -115.923893 85.485473 75.680000
270.484681 167.164895 50.784063 -115.885197 85.522345 75.680000
270.393175 167.186333 50.692385 -115.847298 85.558597 75.680000
270.301978 167.208460 50.601670 -115.810146 85.594272 75.680000
270.211012 167.231279 50.511826 -115.773694 85.629408 75.680000
270.164463 167.243237 50.466091 -115.755269 85.647218 75.680000
270.069508 167.268217 50.373292 -115.718158 85.683196 75.680000
269.975001 167.293866 50.281595 -115.681857 85.718529 75.680000
269.880851 167.320186 50.190890 -115.646313 85.753262 75.680000
269.786976 167.347184 50.101081 -115.611482 85.787434 75.680000
269.693303 167.374866 50.012081 -115.577322 85.821081 75.680000
269.645350 167.389315 49.966752 -115.560059 85.838134 75.680000
269.547499 167.419383 49.874735 -115.525301 85.872574 75.680000
269.450085 167.450097 49.783769 -115.491324 85.906379 75.680000
269.353015 167.481467 49.693752 -115.458079 85.939592 75.680000
269.256210 167.513502 49.604591 -115.425526 85.972248 75.680000
269.206680 167.530175 49.559201 -115.409095 85.988781 75.680000
269.105658 167.564769 49.467097 -115.376053 86.022133 75.680000
269.005130 167.599982 49.376079 -115.343800 86.054828 75.680000
268.905001 167.635827 49.286040 -115.312289 86.086908 75.680000
268.805183 167.672316 49.196884 -115.281476 86.118411 75.680000
268.705597 167.709462 49.108526 -115.251324 86.149369 75.680000
268.654624 167.728755 49.063521 -115.236112 86.165036 75.680000
268.550625 167.768701 48.972159 -115.205537 86.196630 75.680000
268.447107 167.809243 48.881836 -115.175723 86.227576 75.680000
268.343977 167.850400 48.792451 -115.146623 86.257914 75.680000
268.241145 167.892187 48.703911 -115.118199 86.287678 75.680000
268.188538 167.913847 48.658835 -115.103881 86.302721 75.680000
268.081255 167.958607 48.567368 -115.075143 86.333015 75.680000
267.974517 168.003927 48.476975 -115.047169 86.362641 75.680000
267.868221 168.049829 48.387552 -115.019915 86.391637 75.680000
267.762274 168.096336 48.299004 -114.993342 86.420040 75.680000
267.656592 168.143467 48.211247 -114.967414 86.447880 75.680000
267.602505 168.167867 48.166547 -114.954362 86.461942 75.680000
267.492169 168.218224 48.075805 -114.928191 86.490239 75.680000
267.382363 168.269117 47.986094 -114.902753 86.517877 75.680000
267.272987 168.320575 47.897314 -114.878006 86.544892 75.680000
267.163947 168.372621 47.809375 -114.853917 86.571317 75.680000
267.108171 168.399525 47.764605 -114.841813 86.584642 75.680000
266.994441 168.454967 47.673761 -114.817585 86.611412 75.680000
266.881308 168.510902 47.583985 -114.794090 86.637503 75.680000
266.768663 168.567360 47.495176 -114.771288 86.662953 75.680000
266.656408 168.624373 47.407239 -114.749143 86.687795 75.680000
266.544452 168.681969 47.320090 -114.727624 86.712057 75.680000
266.487162 168.711718 47.275703 -114.716826 86.724277 75.680000
266.370305 168.772975 47.185598 -114.695242 86.748798 75.680000
266.254030 168.834699 47.096522 -114.674359 86.772650 75.680000
266.138230 168.896926 47.008378 -114.654139 86.795868 75.680000
266.022804 168.959690 46.921075 -114.634551 86.818481 75.680000
265.963770 168.992068 46.876632 -114.624746 86.829846 75.680000
265.843410 169.058660 46.786457 -114.605195 86.852600 75.680000
265.723702 169.125662 46.697353 -114.586340 86.874668 75.680000
265.604531 169.193119 46.609217 -114.568145 86.896087 75.680000
265.485792 169.261071 46.521956 -114.550579 86.916884 75.680000
265.367388 169.329554 46.435490 -114.533612 86.937087 75.680000
265.306807 169.364865 46.391455 -114.525137 86.947222 75.680000
265.183250 169.437449 46.302073 -114.508284 86.967467 75.680000
265.060329 169.510416 46.213727 -114.492091 86.987039 75.680000
264.937930 169.583815 46.126318 -114.476528 87.005968 75.680000
264.815947 169.657688 46.039759 -114.461566 87.024281 75.680000
264.753565 169.695738 45.995701 -114.454120 87.033438 75.680000
264.626397 169.773869 45.906319 -114.439367 87.051670 75.680000
264.499939 169.852319 45.818016 -114.425267 87.069216 75.680000
264.374069 169.931141 45.730691 -114.411787 87.086107 75.680000
264.248673 170.010385 45.644254 -114.398900 87.102370 75.680000
264.123652 170.090097 45.558622 -114.386583 87.118028 75.680000
264.059692 170.131142 45.515020 -114.380480 87.125828 75.680000
263.929260 170.215392 45.426534 -114.368448 87.141295 75.680000
263.799520 170.299930 45.339096 -114.357032 87.156089 75.680000
263.670351 170.384813 45.252610 -114.346205 87.170238 75.680000
263.541641 170.470095 45.166990 -114.335942 87.183766 75.680000
263.475827 170.513965 45.123419 -114.330891 87.190468 75.680000
263.341677 170.603931 45.035046 -114.321005 87.203677 75.680000
263.208297 170.694108 44.947769 -114.311720 87.216207 75.680000
263.075557 170.784560 44.861487 -114.303011 87.228084 75.680000
262.943339 170.875348 44.776112 -114.294854 87.239332 75.680000
262.811536 170.966527 44.691563 -114.287229 87.249971 75.680000
262.744113 171.013421 44.648523 -114.283518 87.255196 75.680000
262.606636 171.109565 44.561205 -114.276345 87.265397 75.680000
262.469910 171.205886 44.474956 -114.269737 87.274935 75.680000
262.333806 171.302452 44.389681 -114.263671 87.283833 75.680000
262.198206 171.399327 44.305295 -114.258127 87.292111 75.680000
262.128878 171.449105 44.262366 -114.255479 87.296122 75.680000
261.987579 171.551075 44.175325 -114.250470 87.303835 75.680000
261.847113 171.653131 44.089404 -114.246007 87.310884 75.680000
261.707343 171.755352 44.004504 -114.242068 87.317292 75.680000
261.568144 171.857806 43.920537 -114.238635 87.323078 75.680000
261.429402 171.960559 43.837425 -114.235691 87.328259 75.680000
261.358438 172.013352 43.795133 -114.234364 87.330687 75.680000
261.213756 172.121480 43.709366 -114.232029 87.335177 75.680000
261.069888 172.229655 43.624697 -114.230202 87.339022 75.680000
260.926696 172.337960 43.541033 -114.228865 87.342244 75.680000
260.784057 172.446466 43.458288 -114.228003 87.344857 75.680000
260.711137 172.502167 43.416213 -114.227737 87.345968 75.680000
260.562537 172.616157 43.330942 -114.227558 87.347765 75.680000
260.414837 172.730094 43.246823 -114.227865 87.348924 75.680000
260.267891 172.844064 43.163758 -114.228639 87.349466 75.680000
260.121569 172.958151 43.081660 -114.229868 87.349404 75.680000
259.975750 173.072427 43.000453 -114.231538 87.348752 75.680000
259.901175 173.131088 42.959151 -114.232559 87.348196 75.680000
259.749149 173.251119 42.875439 -114.234984 87.346598 75.680000
259.598003 173.371054 42.792859 -114.237857 87.344389 75.680000
259.447592 173.490983 42.711320 -114.241163 87.341583 75.680000
259.297786 173.610991 42.630739 -114.244890 87.338192 75.680000
259.221211 173.672543 42.589788 -114.246958 87.336235 75.680000
259.065183 173.798390 42.506846 -114.251507 87.331780 75.680000
258.910126 173.924025 42.425092 -114.256476 87.326730 75.680000
258.755888 174.049548 42.344431 -114.261853 87.321098 75.680000
258.602329 174.175052 42.264778 -114.267628 87.314895 75.680000
258.449326 174.300619 42.186057 -114.273793 87.308130 75.680000
258.371086 174.365021 42.146047 -114.277099 87.304450 75.680000
258.211611 174.496686 42.065007 -114.284155 87.296492 75.680000
258.053086 174.628091 41.985139 -114.291592 87.287970 75.680000
257.895361 174.759340 41.906353 -114.299402 87.278895 75.680000
257.738299 174.890527 41.828569 -114.307579 87.269273 75.680000
257.658026 174.957756 41.789069 -114.311906 87.264135 75.680000
257.494485 175.095096 41.709126 -114.321031 87.253213 75.680000
257.331992 175.232047 41.630410 -114.330506 87.241752 75.680000
257.170389 175.368723 41.552830 -114.340326 87.229762 75.680000
257.009528 175.505227 41.476302 -114.350486 87.217249 75.680000
256.849280 175.641651 41.400752 -114.360983 87.204216 75.680000
256.767347 175.711566 41.362385 -114.366488 87.197340 75.680000
256.600369 175.854383 41.284740 -114.377998 87.182885 75.680000
256.434421 175.996762 41.208308 -114.389822 87.167931 75.680000
256.269343 176.138816 41.133002 -114.401956 87.152481 75.680000
256.104993 176.280652 41.058743 -114.414400 87.136540 75.680000
256.021008 176.353280 41.021067 -114.420893 87.128184 75.680000
255.849932 176.501530 40.944888 -114.434398 87.110727 75.680000
255.679990 176.649201 40.869976 -114.448185 87.092808 75.680000
255.511015 176.796417 40.796242 -114.462251 87.074428 75.680000
255.342854 176.943292 40.723604 -114.476598 87.055589 75.680000
255.175370 177.089929 40.651990 -114.491226 87.036292 75.680000
255.089752 177.165020 40.615659 -114.498829 87.026227 75.680000
254.915294 177.318291 40.542211 -114.514581 87.005303 75.680000
254.741953 177.470929 40.470015 -114.530580 86.983961 75.680000
254.569562 177.623061 40.398986 -114.546827 86.962200 75.680000
254.397972 177.774802 40.329047 -114.563324 86.940019 75.680000
254.310303 177.852444 40.293602 -114.571874 86.928492 75.680000
254.131756 178.010805 40.222018 -114.589536 86.904611 75.680000
253.954439 178.168382 40.151736 -114.607410 86.880361 75.680000
253.778175 178.325313 40.082668 -114.625500 86.855737 75.680000
253.602806 178.481722 40.014737 -114.643811 86.830735 75.680000
253.428188 178.637721 39.947874 -114.662346 86.805352 75.680000
253.338940 178.717546 39.913994 -114.671932 86.792195 75.680000
253.157123 178.880359 39.845588 -114.691694 86.765016 75.680000
252.976520 179.042335 39.778467 -114.711635 86.737517 75.680000
252.796956 179.203612 39.712548 -114.731763 86.709693 75.680000
252.618277 179.364316 39.647756 -114.752083 86.681537 75.680000
252.527006 179.446484 39.614963 -114.762571 86.666980 75.680000
252.341161 179.613951 39.548828 -114.784150 86.636977 75.680000
252.156651 179.780422 39.484021 -114.805873 86.606714 75.680000
251.973292 179.946047 39.420458 -114.827750 86.576180 75.680000
251.790918 180.110960 39.358062 -114.849788 86.545365 75.680000
251.609379 180.275282 39.296768 -114.871998 86.514261 75.680000
251.516615 180.359308 39.265756 -114.883447 86.498207 75.680000
251.327679 180.530562 39.203239 -114.906976 86.465179 75.680000
251.140064 180.700770 39.142027 -114.930619 86.431946 75.680000
250.953589 180.870081 39.082039 -114.954388 86.398495 75.680000
250.768091 181.038629 39.023205 -114.978295 86.364814 75.680000
250.673359 181.124749 38.993477 -114.990601 86.347463 75.680000
250.480516 181.300144 38.933625 -115.015853 86.311833 75.680000
250.289123 181.474328 38.875112 -115.041183 86.276065 75.680000
250.098989 181.647463 38.817857 -115.066607 86.240141 75.680000
249.909940 181.819693 38.761789 -115.092137 86.204047 75.680000
249.721822 181.991149 38.706844 -115.117787 86.167768 75.680000
249.625720 182.078764 38.679095 -115.130981 86.149101 75.680000
249.430037 182.257209 38.623264 -115.158035 86.110815 75.680000
249.235791 182.434399 38.568740 -115.185142 86.072450 75.680000
249.042796 182.610494 38.515449 -115.212318 86.033985 75.680000
248.850881 182.785639 38.463325 -115.239580 85.995403 75.680000
248.752898 182.875069 38.437041 -115.253586 85.975583 75.680000
248.553492 183.057084 38.384233 -115.282272 85.934995 75.680000
248.355661 183.237679 38.332759 -115.310975 85.894399 75.680000
248.159204 183.417024 38.282541 -115.339715 85.853772 75.680000
247.963943 183.595275 38.233511 -115.368509 85.813094 75.680000
247.769716 183.772573 38.185611 -115.397374 85.772344 75.680000
247.670521 183.863114 38.161475 -115.412198 85.751427 75.680000
247.468598 184.047402 38.113031 -115.442546 85.708634 75.680000
247.268238 184.230232 38.065880 -115.472889 85.665891 75.680000
247.069245 184.411777 38.019952 -115.503250 85.623173 75.680000
246.871444 184.592189 37.975184 -115.533646 85.580457 75.680000
246.770485 184.684252 37.952669 -115.549240 85.558561 75.680000
246.565086 184.871507 37.907557 -115.581134 85.513826 75.680000
246.361391 185.057141 37.863751 -115.612989 85.469217 75.680000
246.159194 185.241338 37.821180 -115.644827 85.424704 75.680000
245.958308 185.424261 37.779781 -115.676670 85.380261 75.680000
245.758567 185.606059 37.739497 -115.708539 85.335863 75.680000
245.656587 185.698843 37.719262 -115.724886 85.313119 75.680000
245.449058 185.887583 37.678778 -115.758312 85.266683 75.680000
245.243222 186.074678 37.639551 -115.791680 85.220428 75.680000
245.038876 186.260310 37.601517 -115.825015 85.174323 75.680000
244.835838 186.444639 37.564617 -115.858340 85.128338 75.680000
244.732238 186.538647 37.546126 -115.875419 85.104811 75.680000
244.521532 186.729746 37.509217 -115.910312 85.056835 75.680000
244.312665 186.919043 37.473566 -115.945111 85.009114 75.680000
244.105421 187.106730 37.439107 -115.979845 84.961615 75.680000
243.899609 187.292979 37.405783 -116.014539 84.914303 75.680000
243.695056 187.477945 37.373544 -116.049216 84.867151 75.680000
243.590651 187.572296 37.357421 -116.066987 84.843037 75.680000
243.378256 187.764115 37.325315 -116.103290 84.793891 75.680000
243.167685 187.954122 37.294409 -116.139486 84.745049 75.680000
242.958729 188.142505 37.264647 -116.175602 84.696474 75.680000
242.751198 188.329434 37.235975 -116.211666 84.648134 75.680000
242.645339 188.424718 37.221685 -116.230133 84.623442 75.680000
242.430109 188.618309 37.193325 -116.267829 84.573171 75.680000
242.216849 188.809938 37.166155 -116.305383 84.523278 75.680000
242.005340 188.999804 37.140115 -116.342824 84.473721 75.680000
241.795382 189.188088 37.115156 -116.380183 84.424462 75.680000
241.586797 189.374950 37.091232 -116.417485 84.375468 75.680000
241.480367 189.470221 37.079354 -116.436588 84.350450 75.680000
241.263924 189.663815 37.055882 -116.475582 84.299535 75.680000
241.049433 189.855453 37.033536 -116.514421 84.249038 75.680000
240.836677 190.045328 37.012264 -116.553138 84.198916 75.680000
240.625464 190.233618 36.992023 -116.591762 84.149130 75.680000
240.517761 190.329551 36.982030 -116.611527 84.123734 75.680000
240.298850 190.524369 36.962406 -116.651844 84.072106 75.680000
240.082039 190.717089 36.943884 -116.691972 84.020961 75.680000
239.867100 190.907918 36.926415 -116.731944 83.970254 75.680000
239.653828 191.097041 36.909954 -116.771794 83.919943 75.680000
239.442038 191.284625 36.894464 -116.811550 83.869991 75.680000
239.334006 191.380223 36.886885 -116.831897 83.844516 75.680000
239.114376 191.574396 36.872148 -116.873405 83.792739 75.680000
238.896819 191.766492 36.858446 -116.914713 83.741476 75.680000
238.681114 191.956713 36.845735 -116.955859 83.690680 75.680000
238.467061 192.145238 36.833978 -116.996874 83.640308 75.680000
238.357943 192.241252 36.828307 -117.017850 83.614645 75.680000
238.136227 192.436152 36.817453 -117.060614 83.562536 75.680000
237.916730 192.628845 36.807600 -117.103144 83.511001 75.680000
237.699218 192.819544 36.798708 -117.145478 83.459988 75.680000
237.483481 193.008438 36.790739 -117.187651 83.409452 75.680000
237.269330 193.195697 36.783664 -117.229695 83.359353 75.680000
237.160127 193.291093 36.780371 -117.251202 83.333832 75.680000
236.938181 193.484780 36.774330 -117.295053 83.282020 75.680000
236.718421 193.676298 36.769220 -117.338663 83.230799 75.680000
236.500620 193.865850 36.765007 -117.382071 83.180120 75.680000
236.284571 194.053621 36.761661 -117.425312 83.129936 75.680000
236.174468 194.149216 36.760268 -117.447416 83.104396 75.680000
235.950817 194.343196 36.758091 -117.492457 83.052592 75.680000
235.729494 194.534886 36.756802 -117.537222 83.001430 75.680000
235.510258 194.724503 36.756372 -117.581752 82.950858 75.680000
235.292894 194.912238 36.756771 -117.626084 82.900826 75.680000
235.077212 195.098264 36.757976 -117.670254 82.851292 75.680000
234.967258 195.193001 36.758896 -117.692838 82.826083 75.680000
234.743851 195.385287 36.761396 -117.738865 82.774955 75.680000
234.522729 195.575334 36.764716 -117.784611 82.724477 75.680000
234.303660 195.763349 36.768829 -117.830117 82.674596 75.680000
234.086435 195.949518 36.773714 -117.875422 82.625264 75.680000
233.975763 196.044269 36.776506 -117.898572 82.600180 75.680000
233.751018 196.236475 36.782805 -117.945723 82.549348 75.680000
233.528694 196.426334 36.789874 -117.992557 82.499208 75.680000
233.308548 196.614062 36.797692 -118.039119 82.449705 75.680000
233.090361 196.799855 36.806240 -118.085449 82.400788 75.680000
232.873937 196.983885 36.815501 -118.131583 82.352413 75.680000
232.763634 197.077580 36.820515 -118.155163 82.327814 75.680000
232.539577 197.267696 36.831312 -118.203199 82.277966 75.680000
232.317889 197.455527 36.842812 -118.250916 82.228806 75.680000
232.098337 197.641281 36.854996 -118.298358 82.180281 75.680000
231.880707 197.825146 36.867853 -118.345566 82.132341 75.680000
231.769856 197.918700 36.874694 -118.369679 82.107984 75.680000
231.544805 198.108427 36.889191 -118.418773 82.058663 75.680000
231.322255 198.295772 36.904336 -118.467511 82.010066 75.680000
231.101959 198.480950 36.920117 -118.515942 81.962134 75.680000
230.883695 198.664158 36.936524 -118.564108 81.914817 75.680000
230.667265 198.845570 36.953549 -118.612048 81.868069 75.680000
230.556985 198.937909 36.962507 -118.636542 81.844315 75.680000
230.333027 199.125231 36.981291 -118.686422 81.796211 75.680000
230.111511 199.310242 37.000657 -118.735946 81.748818 75.680000
229.892197 199.493151 37.020599 -118.785163 81.702080 75.680000
229.674871 199.674145 37.041111 -118.834113 81.655947 75.680000
229.564200 199.766218 37.051839 -118.859107 81.632523 75.680000
229.339566 199.952901 37.074200 -118.909978 81.585124 75.680000
229.117498 200.137185 37.097087 -118.960458 81.538461 75.680000
228.897745 200.319286 37.120496 -119.010596 81.492477 75.680000
228.680084 200.499400 37.144427 -119.060438 81.447121 75.680000
228.464314 200.677699 37.168878 -119.110024 81.402346 75.680000
228.354394 200.768437 37.181608 -119.135350 81.379607 75.680000
228.131217 200.952473 37.208024 -119.186911 81.333589 75.680000
227.910536 201.134190 37.234905 -119.238081 81.288286 75.680000
227.692111 201.313797 37.262251 -119.288911 81.243643 75.680000
227.475727 201.491479 37.290067 -119.339445 81.199611 75.680000
227.365558 201.581851 37.304501 -119.365240 81.177267 75.680000
227.141990 201.765052 37.334358 -119.417725 81.132076 75.680000
226.921037 201.945854 37.364620 -119.469784 81.087620 75.680000
226.702447 202.124473 37.395292 -119.521470 81.043841 75.680000
226.485995 202.301102 37.426383 -119.572830 81.000689 75.680000
226.271480 202.475914 37.457898 -119.623906 80.958119 75.680000
226.162220 202.564862 37.474214 -119.649986 80.936510 75.680000
225.940425 202.745240 37.507885 -119.703065 80.892800 75.680000
225.721169 202.923307 37.541903 -119.755723 80.849797 75.680000
225.504210 203.099269 37.576281 -119.808009 80.807446 75.680000
225.289331 203.273310 37.611028 -119.859972 80.765701 75.680000
225.179948 203.361817 37.628979 -119.886489 80.744525 75.680000
224.958016 203.541212 37.665947 -119.940428 80.701719 75.680000
224.738735 203.718223 37.703201 -119.993910 80.659632 75.680000
224.521851 203.893063 37.740757 -120.046988 80.618209 75.680000
224.307139 204.065924 37.778630 -120.099712 80.577402 75.680000
224.094398 204.236975 37.816835 -120.152127 80.537165 75.680000
223.986060 204.324000 37.836546 -120.178884 80.516749 75.680000
223.766175 204.500452 37.877083 -120.233326 80.475467 75.680000
223.548856 204.674615 37.917855 -120.287316 80.434872 75.680000
223.333863 204.846690 37.958883 -120.340908 80.394912 75.680000
223.120977 205.016860 38.000185 -120.394149 80.355542 75.680000
223.012627 205.103388 38.021460 -120.421312 80.335578 75.680000
222.792826 205.278751 38.065147 -120.476552 80.295233 75.680000
222.575697 205.451758 38.109007 -120.531304 80.255584 75.680000
222.360988 205.622618 38.153064 -120.585626 80.216578 75.680000
222.148474 205.791519 38.197342 -120.639567 80.178165 75.680000
221.937953 205.958629 38.241861 -120.693176 80.140305 75.680000
221.830762 206.043639 38.264776 -120.720536 80.121100 75.680000
221.613238 206.215992 38.311792 -120.776191 80.082276 75.680000
221.398296 206.386085 38.358936 -120.831368 80.044113 75.680000
221.185696 206.554118 38.406235 -120.886120 80.006560 75.680000
220.975222 206.720270 38.453717 -120.940498 79.969573 75.680000
220.868114 206.804748 38.478126 -120.968235 79.950822 75.680000
220.650864 206.975941 38.528147 -121.024628 79.912936 75.680000
220.436297 207.144813 38.578231 -121.080508 79.875715 75.680000
220.224162 207.311571 38.628414 -121.135931 79.839107 75.680000
220.014233 207.476400 38.678724 -121.190951 79.803067 75.680000
219.806311 207.639464 38.729190 -121.245616 79.767553 75.680000
219.700457 207.722410 38.755123 -121.273509 79.749541 75.680000
219.485675 207.890566 38.808239 -121.330238 79.713136 75.680000
219.273481 208.056500 38.861380 -121.386463 79.677359 75.680000
219.063635 208.220409 38.914582 -121.442239 79.642160 75.680000
218.855922 208.382470 38.967879 -121.497620 79.607498 75.680000
218.750233 208.464862 38.995237 -121.525863 79.589928 75.680000
218.535888 208.631817 39.051217 -121.583275 79.554434 75.680000
218.324226 208.796496 39.107157 -121.640147 79.519567 75.680000
218.114996 208.959100 39.163101 -121.696541 79.485280 75.680000
217.907977 209.119811 39.219084 -121.752510 79.451529 75.680000
217.702969 209.278790 39.275143 -121.808103 79.418274 75.680000
217.598610 209.359654 39.303912 -121.836466 79.401410 75.680000
217.386887 209.523580 39.362763 -121.894138 79.367326 75.680000
217.177748 209.685330 39.421542 -121.951283 79.333832 75.680000
216.970954 209.845097 39.480293 -122.007959 79.300883 75.680000
216.766294 210.003051 39.539056 -122.064220 79.268438 75.680000
216.662169 210.083353 39.569185 -122.092906 79.251992 75.680000
216.451020 210.246065 39.630764 -122.151210 79.218769 75.680000
216.242545 210.406550 39.692208 -122.208952 79.186136 75.680000
216.036495 210.565006 39.753564 -122.266195 79.154044 75.680000
215.832651 210.721609 39.814878 -122.322994 79.122454 75.680000
215.630815 210.876518 39.876190 -122.379400 79.091328 75.680000
215.528081 210.955310 39.907624 -122.408172 79.075543 75.680000
215.319676 211.115029 39.971863 -122.466669 79.043640 75.680000
215.113842 211.272623 40.035938 -122.524618 79.012287 75.680000
214.910345 211.428279 40.099900 -122.582080 78.981442 75.680000
214.708973 211.582164 40.163797 -122.639108 78.951067 75.680000
214.606530 211.660396 40.196528 -122.668182 78.935669 75.680000
214.398814 211.818909 40.263367 -122.727263 78.904562 75.680000
214.193753 211.975250 40.329978 -122.785764 78.874003 75.680000
213.991105 212.129609 40.396418 -122.843747 78.843948 75.680000
213.790650 212.282161 40.462737 -122.901270 78.814359 75.680000
213.592193 212.433060 40.528983 -122.958383 78.785200 75.680000
213.491188 212.509810 40.562919 -122.987513 78.770411 75.680000
213.286309 212.665391 40.632217 -123.046726 78.740516 75.680000
213.083982 212.818900 40.701265 -123.105375 78.711133 75.680000
212.883974 212.970519 40.770121 -123.163520 78.682220 75.680000
212.686078 213.120413 40.838838 -123.221216 78.653741 75.680000
212.585412 213.196615 40.874014 -123.250627 78.639302 75.680000
212.381314 213.351016 40.945791 -123.310384 78.610128 75.680000
212.179849 213.503299 41.017254 -123.369544 78.581461 75.680000
211.980776 213.653653 41.088468 -123.428170 78.553259 75.680000
211.783879 213.802247 41.159488 -123.486322 78.525488 75.680000
211.588965 213.949231 41.230366 -123.544050 78.498114 75.680000
211.489771 214.023992 41.266653 -123.573489 78.484226 75.680000
211.288580 214.175539 41.340701 -123.633326 78.456149 75.680000
211.089915 214.325068 41.414419 -123.692582 78.428544 75.680000
210.893548 214.472759 41.487871 -123.751320 78.401372 75.680000
210.699273 214.618772 41.561116 -123.809596 78.374599 75.680000
210.600456 214.693001 41.598587 -123.839299 78.361022 75.680000
210.400123 214.843408 41.675002 -123.899643 78.333582 75.680000
210.202393 214.991754 41.751023 -123.959375 78.306609 75.680000
210.007029 215.138225 41.826720 -124.018560 78.280065 75.680000
209.813818 215.282984 41.902156 -124.077257 78.253916 75.680000
209.622570 215.426178 41.977386 -124.135519 78.228131 75.680000
209.525249 215.499013 42.015880 -124.165227 78.215046 75.680000
209.327868 215.646658 42.094392 -124.225605 78.188583 75.680000
209.132985 215.792343 42.172498 -124.285389 78.162554 75.680000
208.940372 215.936241 42.250269 -124.344642 78.136922 75.680000
208.749827 216.078508 42.327767 -124.403422 78.111657 75.680000
208.652913 216.150835 42.367395 -124.433379 78.098841 75.680000
208.456451 216.297392 42.448169 -124.494233 78.072928 75.680000
208.262559 216.441947 42.528474 -124.554463 78.047445 75.680000
208.071002 216.584679 42.608385 -124.614133 78.022355 75.680000
207.881572 216.725749 42.687971 -124.673305 77.997626 75.680000
207.694081 216.865301 42.767292 -124.732031 77.973230 75.680000
207.598677 216.936285 42.807862 -124.761974 77.960845 75.680000
207.405196 217.080184 42.890570 -124.822823 77.935790 75.680000
207.214178 217.222179 42.972801 -124.883066 77.911132 75.680000
207.025399 217.362439 43.054633 -124.942768 77.886838 75.680000
206.838662 217.501117 43.136132 -125.001987 77.862878 75.680000
206.743690 217.571622 43.177788 -125.032165 77.850719 75.680000
206.551175 217.714492 43.262662 -125.093465 77.826126 75.680000
206.361191 217.855419 43.346996 -125.154129 77.801926 75.680000
206.173509 217.994577 43.430872 -125.214224 77.778087 75.680000
205.987924 218.132122 43.514363 -125.273810 77.754577 75.680000
205.804251 218.268195 43.597534 -125.332942 77.731371 75.680000
205.710794 218.337412 43.640057 -125.363090 77.719585 75.680000
205.521273 218.477736 43.726713 -125.424351 77.695731 75.680000
205.334176 218.616212 43.812828 -125.484998 77.672240 75.680000
205.149285 218.753006 43.898482 -125.545094 77.649083 75.680000
204.966404 218.888264 43.983747 -125.604698 77.626230 75.680000
204.873398 218.957034 44.027314 -125.635071 77.614627 75.680000
204.684877 219.096396 44.116048 -125.696762 77.591149 75.680000
204.498846 219.233872 44.204177 -125.757808 77.568031 75.680000
204.315081 219.369632 44.291788 -125.818277 77.545243 75.680000
204.133379 219.503828 44.378957 -125.878229 77.522756 75.680000
203.953561 219.636597 44.465754 -125.937720 77.500544 75.680000
203.862069 219.704137 44.510118 -125.968049 77.489258 75.680000
203.676540 219.841069 44.600496 -126.029675 77.466404 75.680000
203.493395 219.976209 44.690271 -126.090678 77.443884 75.680000
203.312420 220.109716 44.779528 -126.151123 77.421668 75.680000
203.133423 220.241737 44.868344 -126.211070 77.399730 75.680000
203.042395 220.308864 44.913712 -126.241615 77.388586 75.680000
202.857891 220.444905 45.006087 -126.303655 77.366025 75.680000
202.675835 220.579116 45.097795 -126.365041 77.343794 75.680000
202.496005 220.711663 45.188928 -126.425843 77.321866 75.680000
202.318204 220.842694 45.279567 -126.486122 77.300212 75.680000
202.142255 220.972343 45.369787 -126.545934 77.278808 75.680000
202.052734 221.038300 45.415887 -126.576425 77.267928 75.680000
201.871211 221.172031 45.509778 -126.638379 77.245883 75.680000
201.692028 221.304023 45.603008 -126.699702 77.224144 75.680000
201.514977 221.434433 45.695668 -126.760461 77.202684 75.680000
201.339868 221.563401 45.787837 -126.820716 77.181477 75.680000
201.250821 221.628981 45.834906 -126.851417 77.170699 75.680000
201.070339 221.761894 45.930720 -126.913771 77.148867 75.680000
200.892258 221.893033 46.025810 -126.975466 77.127339 75.680000
200.716364 222.022557 46.120271 -127.036570 77.106088 75.680000
200.542461 222.150613 46.214191 -127.097146 77.085088 75.680000
200.370376 222.277329 46.307647 -127.157250 77.064317 75.680000
200.282825 222.341798 46.355389 -127.187889 77.053752 75.680000
200.105299 222.472523 46.452601 -127.250141 77.032335 75.680000
199.930071 222.601560 46.549099 -127.311757 77.011200 75.680000
199.756933 222.729063 46.644977 -127.372804 76.990321 75.680000
199.585703 222.855169 46.740320 -127.433342 76.969673 75.680000
199.498630 222.919298 46.788999 -127.464186 76.959174 75.680000
199.322155 223.049281 46.888067 -127.526830 76.937894 75.680000
199.148035 223.177541 46.986358 -127.588809 76.916896 75.680000
198.976058 223.304236 47.083972 -127.650192 76.896152 75.680000
198.806035 223.429506 47.180999 -127.711043 76.875640 75.680000
198.637796 223.553479 47.277520 -127.771418 76.855335 75.680000
198.552203 223.616557 47.326818 -127.802194 76.845002 75.680000
198.378654 223.744471 47.427178 -127.864724 76.824044 75.680000
198.207355 223.870748 47.526774 -127.926614 76.803347 75.680000
198.038107 223.995536 47.625704 -127.987930 76.782886 75.680000
197.870728 224.118969 47.724056 -128.048733 76.762638 75.680000
197.785617 224.181745 47.774261 -128.079713 76.752336 75.680000
197.613119 224.308994 47.876418 -128.142629 76.731445 75.680000
197.442930 224.434570 47.977747 -128.204876 76.710815 75.680000
197.274840 224.558627 48.078353 -128.266524 76.690422 75.680000
197.108665 224.681303 48.178329 -128.327635 76.670241 75.680000
196.944239 224.802720 48.277761 -128.388267 76.650251 75.680000
196.860587 224.864504 48.328537 -128.419175 76.640073 75.680000
196.690978 224.989803 48.431888 -128.481969 76.619418 75.680000
196.523573 225.113511 48.534427 -128.544120 76.599006 75.680000
196.358177 225.235775 48.636257 -128.605694 76.578812 75.680000
196.194611 225.356726 48.737470 -128.666752 76.558815 75.680000
196.111441 225.418243 48.789128 -128.697861 76.548636 75.680000
195.942879 225.542953 48.894222 -128.761039 76.527983 75.680000
195.776578 225.666038 48.998441 -128.823545 76.507574 75.680000
195.612333 225.787647 49.101894 -128.885448 76.487385 75.680000
195.449963 225.907916 49.204678 -128.946813 76.467393 75.680000
195.289304 226.026965 49.306882 -129.007695 76.447577 75.680000
195.207571 226.087549 49.359065 -129.038729 76.437483 75.680000
195.041855 226.210424 49.465265 -129.101783 76.416988 75.680000
194.878296 226.331755 49.570609 -129.164188 76.396721 75.680000
194.716702 226.451682 49.675204 -129.226015 76.376657 75.680000
194.556902 226.570335 49.779144 -129.287323 76.356776 75.680000
194.475646 226.630689 49.832187 -129.318559 76.346651 75.680000
194.310970 226.753051 49.940082 -129.381996 76.326098 75.680000
194.148504 226.873833 50.047059 -129.444757 76.305775 75.680000
193.988051 226.993181 50.153230 -129.506913 76.285658 75.680000
193.829431 227.111228 50.258695 -129.568528 76.265725 75.680000
193.672487 227.228091 50.363545 -129.629658 76.245956 75.680000
193.592645 227.287567 50.417073 -129.660819 76.235881 75.680000
193.430764 227.408208 50.525994 -129.724130 76.215416 75.680000
193.270994 227.527345 50.634019 -129.786791 76.195165 75.680000
193.113146 227.645119 50.741257 -129.848870 76.175106 75.680000
192.957052 227.761656 50.847807 -129.910428 76.155217 75.680000
192.877682 227.820938 50.902174 -129.941793 76.145084 75.680000
192.716829 227.941139 51.012749 -130.005489 76.124506 75.680000
192.558138 228.059802 51.122366 -130.068507 76.104146 75.680000
192.401415 228.177071 51.231139 -130.130918 76.083981 75.680000
192.246486 228.293076 51.339171 -130.192786 76.063988 75.680000
192.093194 228.407930 51.446557 -130.254169 76.044150 75.680000
192.015211 228.466389 51.501374 -130.285458 76.034035 75.680000
191.857101 228.584978 51.612904 -130.349030 76.013481 75.680000
191.701054 228.702103 51.723499 -130.411950 75.993131 75.680000
191.546887 228.817902 51.833273 -130.474287 75.972962 75.680000
191.394434 228.932498 51.942326 -130.536101 75.952955 75.680000
191.316917 228.990799 51.997964 -130.567596 75.942757 75.680000
191.159818 229.109020 52.111113 -130.631558 75.922040 75.680000
191.004833 229.225743 52.223265 -130.694840 75.901532 75.680000
190.851772 229.341108 52.334537 -130.757513 75.881209 75.680000
190.700464 229.455244 52.445037 -130.819642 75.861051 75.680000
190.550757 229.568262 52.554861 -130.881283 75.841037 75.680000
190.474598 229.625791 52.610917 -130.912705 75.830830 75.680000
190.320186 229.742505 52.724957 -130.976547 75.810080 75.680000
190.167791 229.857792 52.838026 -131.039735 75.789526 75.680000
190.017233 229.971789 52.950240 -131.102338 75.769146 75.680000
189.868350 230.084614 53.061704 -131.164418 75.748919 75.680000
189.792649 230.142019 53.118566 -131.196048 75.738606 75.680000
189.639231 230.258435 53.234196 -131.260286 75.717647 75.680000
189.487877 230.373390 53.348791 -131.323842 75.696890 75.680000
189.338403 230.487023 53.462473 -131.386788 75.676312 75.680000
189.190643 230.599457 53.575354 -131.449188 75.655891 75.680000
189.044446 230.710805 53.687531 -131.511100 75.635608 75.680000
188.970073 230.767489 53.744783 -131.542660 75.625260 75.680000
188.819283 230.882498 53.861246 -131.606784 75.604217 75.680000
188.670463 230.996116 53.976704 -131.670252 75.583365 75.680000
188.523437 231.108476 54.091277 -131.733134 75.562680 75.680000
188.378048 231.219695 54.205071 -131.795492 75.542143 75.680000
188.304123 231.276288 54.263118 -131.827264 75.531668 75.680000
188.154306 231.391067 54.381145 -131.891792 75.510375 75.680000
188.006505 231.504420 54.498105 -131.955636 75.489279 75.680000
187.860539 231.616483 54.614121 -132.018868 75.468356 75.680000
187.716247 231.727378 54.729307 -132.081554 75.447586 75.680000
187.573482 231.837215 54.843763 -132.143751 75.426948 75.680000
187.500855 231.893135 54.902174 -132.175457 75.416417 75.680000
187.353605 232.006603 55.020986 -132.239878 75.394995 75.680000
187.208279 232.118713 55.138762 -132.303642 75.373759 75.680000
187.064705 232.229596 55.255622 -132.366818 75.352686 75.680000
186.922729 232.339366 55.371678 -132.429470 75.331756 75.680000
186.850539 232.395227 55.430875 -132.461392 75.321079 75.680000
186.704238 232.508531 55.551231 -132.526226 75.299369 75.680000
186.559906 232.620442 55.670488 -132.590375 75.277852 75.680000
186.417367 232.731093 55.788772 -132.653911 75.256505 75.680000
186.276461 232.840603 55.906200 -132.716900 75.235306 75.680000
186.137046 232.949082 56.022873 -132.779398 75.214237 75.680000
186.066123 233.004315 56.082412 -132.811259 75.203483 75.680000
185.922328 233.116401 56.203511 -132.875995 75.181603 75.680000
185.780410 233.227159 56.323543 -132.940073 75.159906 75.680000
185.640204 233.336717 56.442633 -133.003563 75.138370 75.680000
185.501557 233.445189 56.560893 -133.066526 75.116975 75.680000
185.431059 233.500394 56.621210 -133.098609 75.106058 75.680000
185.288188 233.612379 56.743839 -133.163769 75.083854 75.680000
185.147239 233.723001 56.865337 -133.228242 75.061843 75.680000
185.008040 233.832390 56.985835 -133.292101 75.039999 75.680000
184.870434 233.940665 57.105451 -133.355411 75.018302 75.680000
184.734285 234.047932 57.224291 -133.418232 74.996732 75.680000
184.665023 234.102553 57.284932 -133.450257 74.985720 75.680000
184.524594 234.213407 57.408266 -133.515330 74.963311 75.680000
184.385998 234.322961 57.530505 -133.579742 74.941084 75.680000
184.249072 234.431342 57.651776 -133.643565 74.919017 75.680000
184.113668 234.538661 57.772194 -133.706862 74.897088 75.680000
184.044819 234.593284 57.833609 -133.739114 74.885898 75.680000
183.905288 234.704098 57.958462 -133.804622 74.863133 75.680000
183.767633 234.813576 58.082157 -133.869441 74.840560 75.680000
183.631686 234.921848 58.204825 -133.933645 74.818155 75.680000
183.497294 235.029030 58.326588 -133.997299 74.795895 75.680000
183.364323 235.135227 58.447554 -134.060463 74.773761 75.680000
183.296677 235.189307 58.509277 -134.092664 74.762459 75.680000
183.159524 235.299074 58.634805 -134.158096 74.739457 75.680000
183.024161 235.407567 58.759212 -134.222866 74.716637 75.680000
182.890426 235.514911 58.882627 -134.287045 74.693977 75.680000
182.758177 235.621215 59.005166 -134.350697 74.671454 75.680000
182.690932 235.675327 59.067660 -134.383132 74.659959 75.680000
182.554649 235.785113 59.194703 -134.449011 74.636571 75.680000
182.420198 235.893588 59.320559 -134.514200 74.613377 75.680000
182.287413 236.000881 59.445365 -134.578772 74.590350 75.680000
182.156145 236.107106 59.569243 -134.642794 74.567468 75.680000
182.026264 236.212367 59.692304 -134.706325 74.544712 75.680000
181.960189 236.265975 59.755093 -134.738714 74.533091 75.680000
181.826221 236.374794 59.882786 -134.804529 74.509437 75.680000
181.693999 236.482362 60.009332 -134.869681 74.485967 75.680000
181.563366 236.588803 60.134862 -134.934242 74.462657 75.680000
181.434182 236.694226 60.259497 -134.998274 74.439485 75.680000
181.368495 236.747893 60.323057 -135.030903 74.427657 75.680000
181.235369 236.856788 60.452264 -135.097179 74.403589 75.680000
181.104029 236.964395 60.580257 -135.162764 74.379717 75.680000
180.974315 237.070841 60.707177 -135.227730 74.356014 75.680000
180.846082 237.176240 60.833148 -135.292145 74.332457 75.680000
180.719201 237.280694 60.958283 -135.356068 74.309026 75.680000
180.654652 237.333897 61.022129 -135.388658 74.297059 75.680000
180.523775 237.441900 61.151966 -135.454884 74.272699 75.680000
180.394602 237.548675 61.280632 -135.520445 74.248525 75.680000
180.266980 237.654342 61.408261 -135.585412 74.224513 75.680000
180.140771 237.759011 61.534974 -135.649851 74.200640 75.680000
180.076596 237.812299 61.599593 -135.682688 74.188453 75.680000
179.946532 237.920433 61.730946 -135.749389 74.163653 75.680000
179.818212 238.027301 61.861063 -135.815396 74.139051 75.680000
179.691477 238.133027 61.990083 -135.880784 74.114621 75.680000
179.566188 238.237726 62.118135 -135.945619 74.090339 75.680000
179.442217 238.341498 62.245333 -136.009961 74.066184 75.680000
179.379148 238.394357 62.310229 -136.042766 74.053847 75.680000
179.251269 238.501673 62.442201 -136.109430 74.028730 75.680000
179.125053 238.607779 62.572978 -136.175428 74.003802 75.680000
179.000350 238.712798 62.702696 -136.240831 73.979039 75.680000
178.877026 238.816835 62.831481 -136.305703 73.954417 75.680000
178.814316 238.869806 62.897155 -136.338763 73.941847 75.680000
178.687221 238.977305 63.030650 -136.405917 73.916266 75.680000
178.561828 239.083558 63.162884 -136.472376 73.890886 75.680000
178.437981 239.188688 63.294001 -136.538214 73.865681 75.680000
178.315543 239.292807 63.424131 -136.603498 73.840627 75.680000
178.194392 239.396016 63.553389 -136.668288 73.815701 75.680000
178.132757 239.448593 63.619336 -136.701322 73.802970 75.680000
178.007783 239.555343 63.753441 -136.768454 73.777049 75.680000
177.884431 239.660903 63.886329 -136.834918 73.751321 75.680000
177.762555 239.765392 64.018139 -136.900786 73.725761 75.680000
177.642025 239.868916 64.148996 -136.966122 73.700344 75.680000
177.580735 239.921629 64.215726 -136.999419 73.687368 75.680000
177.456515 240.028616 64.351367 -137.067058 73.660958 75.680000
177.333955 240.134373 64.485724 -137.133998 73.634754 75.680000
177.212904 240.239024 64.618943 -137.200316 73.608729 75.680000
177.093227 240.342681 64.751156 -137.266079 73.582858 75.680000
176.974806 240.445442 64.882482 -137.331348 73.557118 75.680000
176.914558 240.497794 64.949483 -137.364627 73.543970 75.680000
176.792396 240.604098 65.085730 -137.432258 73.517199 75.680000
176.671816 240.709228 65.220738 -137.499220 73.490626 75.680000
176.671816 240.709228 65.220738 -137.499220 73.490626 75.680000
176.552177 240.813738 65.355210 -137.565861 73.464114 75.680000
176.492270 240.866145 65.422738 -137.599306 73.450784 75.680000
176.373590 240.970117 65.556901 -137.665715 73.424265 75.680000
176.315275 241.021279 65.623013 -137.698420 73.411181 75.680000
176.256958 241.072491 65.689251 -137.731175 73.398060 75.680000
176.199208 241.123252 65.754967 -137.763659 73.385032 75.680000
176.142565 241.173090 65.819546 -137.795569 73.372219 75.680000
176.142565 241.173090 65.819546 -137.795569 73.372219 75.680000
176.142565 241.173090 65.819546 -137.795569 73.372219 75.680000
176.142565 241.173090 65.819546 -137.795569 73.372219 75.680000
